"3.
14159265358979323846264338327950288419716939937510
58209749445923078164062862089986280348253421170679
82148086513282306647093844609550582231725359408128
48111745028410270193852110555964462294895493038196
44288109756659334461284756482337867831652712019091
45648566923460348610454326648213393607260249141273
72458700660631558817488152092096282925409171536436
78925903600113305305488204665213841469519415116094
33057270365759591953092186117381932611793105118548
07446237996274956735188575272489122793818301194912
98336733624406566430860213949463952247371907021798
60943702770539217176293176752384674818467669405132
00056812714526356082778577134275778960917363717872
14684409012249534301465495853710507922796892589235
42019956112129021960864034418159813629774771309960
51870721134999999837297804995105973173281609631859
50244594553469083026425223082533446850352619311881
71010003137838752886587533208381420617177669147303
59825349042875546873115956286388235378759375195778
18577805321712268066130019278766111959092164201989
1415926535
8979323846
2643383279
5028841971
6939937510 
5820974944
5923078164
0628620899
8628034825
3421170679 
8214808651
3282306647
0938446095
5058223172
5359408128 
4811174502
8410270193
8521105559
6446229489
5493038196 
4428810975
6659334461
2847564823
3786783165
2712019091 
4564856692
3460348610
4543266482
1339360726
0249141273 
7245870066
0631558817
4881520920
9628292540
9171536436 
7892590360
0113305305
4882046652
1384146951
9415116094 
3305727036
5759591953
0921861173
8193261179
3105118548 
0744623799
6274956735
1885752724
8912279381
8301194912 
9833673362
4406566430
8602139494
6395224737
1907021798 
6094370277
0539217176
2931767523
8467481846
7669405132 
0005681271
4526356082
7785771342
7577896091
7363717872 
1468440901
2249534301
4654958537
1050792279
6892589235 
4201995611
2129021960
8640344181
5981362977
4771309960"